# M3ens Left Eye camera (pg0)
image_width: 800
image_height: 600
camera_name: 00b09d0100a85c7f
camera_matrix:
  rows: 3
  cols: 3
  data: [1500.149401, 0.000000, 323.353960, 0.000000, 1499.144928, 262.332644, 0.000000, 0.000000, 1.000000]
distortion_coefficients:
  rows: 1
  cols: 5
  data: [-0.150837, -0.223058, -0.002193, -0.008974, 0.000000]
rectification_matrix:
  rows: 3
  cols: 3
  data: [1.000000, 0.000000, 0.000000, 0.000000, 1.000000, 0.000000, 0.000000, 0.000000, 1.000000]
projection_matrix:
  rows: 3
  cols: 4
  data: [1472.494507, 0.000000, 317.925613, 0.000000, 0.000000, 1486.351929, 260.946953, 0.000000, 0.000000, 0.000000, 1.000000, 0.000000]
