# M3ens Right Eye camera (pg1)
image_width: 1024
image_height: 768
camera_name: 00b09d0100a85c82
camera_matrix:
  rows: 3
  cols: 3
  data: [1483.386290, 0.000000, 548.915790, 0.000000, 1487.173231, 332.861240, 0.000000, 0.000000, 1.000000]
distortion_coefficients:
  rows: 1
  cols: 5
  data: [-0.204949, 0.220513, -0.004970, -0.000569, 0.000000]
rectification_matrix:
  rows: 3
  cols: 3
  data: [1.000000, 0.000000, 0.000000, 0.000000, 1.000000, 0.000000, 0.000000, 0.000000, 1.000000]
projection_matrix:
  rows: 3
  cols: 4
  data: [1449.203369, 0.000000, 549.503296, 0.000000, 0.000000, 1463.192139, 329.652173, 0.000000, 0.000000, 0.000000, 1.000000, 0.000000]
