# M3ens Right Eye camera (pg1)
image_width: 800
image_height: 600
camera_name: 00b09d0100a85c82
camera_matrix:
  rows: 3
  cols: 3
  data: [1470.019335, 0.000000, 315.792869, 0.000000, 1470.733934, 301.586277, 0.000000, 0.000000, 1.000000]
distortion_coefficients:
  rows: 1
  cols: 5
  data: [-0.234923, 0.395196, -0.000535, -0.014776, 0.000000]
rectification_matrix:
  rows: 3
  cols: 3
  data: [1.000000, 0.000000, 0.000000, 0.000000, 1.000000, 0.000000, 0.000000, 0.000000, 1.000000]
projection_matrix:
  rows: 3
  cols: 4
  data: [1434.321411, 0.000000, 308.272243, 0.000000, 0.000000, 1456.341064, 301.004275, 0.000000, 0.000000, 0.000000, 1.000000, 0.000000]
